ASC_CAR = 0.18916630797680603
ASC_SM = 0.45100902155920686
B_COST = -1.084663906341326
B_HE = -0.53535117424238
B_TIME = -1.276784619038452
