ASC_CAR = -0.6510089642391644
ASC_SM = -0.26724793729941937
B_CAR_TIME = -0.706111996481467
B_COST = -0.755478083199247
B_GA = 0.7394117407745524
B_HE = -0.33078480029743745
B_SBB_TIME = -0.8873084344585693
B_SENIOR = -0.8391731782582434
B_SM_TIME = -0.775718806295906
Rail_based = 3.7339346513734863
Rail_based_Train = 0.5272808724238887
classic = 2.4116353912542854
