ASC_CAR = 0.0339870309806509
ASC_SM = 0.30339818979290045
B_CAR_TIME = -1.1500873875916442
B_COST = -0.9840406641832806
B_GA = 0.9189422444573181
B_HE = -0.5729509329999923
B_SBB_TIME = -1.4637649710547895
B_SENIOR = -2.075351718876213
B_SM_TIME = -1.1389325865304976
MU_rail_based = 1.0
