ASC_CAR = -0.08458214586047406
ASC_SM = 0.17661892471787996
B_CAR_TIME = -0.8795197958975719
B_COST = -0.7998969600088661
B_GA = 0.8553640559413296
B_HE = -0.4233305661686674
B_SBB_TIME = -1.1558511655212584
B_SENIOR = -1.3872295874168044
B_SM_TIME = -0.9126184864353156
MU_classic = 1.8369062069866129
