ASC_CAR = -0.6281507589218904
ASC_SM = -0.25970057138365116
B_CAR_TIME = -0.7249489316711476
B_COST = -0.766920335290955
B_GA = 0.7406832258455269
B_HE = -0.34223753098979814
B_SBB_TIME = -0.9194841348564857
B_SENIOR = -0.8883327724204734
B_SM_TIME = -0.7913932350358136
Rail_based = 3.5385388227043246
classic = 2.3588470934111987
