ASC_CAR = -0.6284130890875358
ASC_SM = -0.260041055064761
B_CAR_TIME = -0.7249449803444641
B_COST = -0.7668538576916287
B_GA = 0.7406706956130696
B_HE = -0.34224530025952493
B_SBB_TIME = -0.9195163423726042
B_SENIOR = -0.8881161069870546
B_SM_TIME = -0.7914000755129668
Rail_based = 3.5426228143597873
classic = 2.3587084751798226
