ASC_CAR = 0.03408161244735733
ASC_SM = 0.30343910557133286
B_CAR_TIME = -1.150170622915352
B_COST = -0.9840218457630165
B_GA = 0.9192394248226733
B_HE = -0.5729840831615965
B_SBB_TIME = -1.4637810853660536
B_SENIOR = -2.0754498432273594
B_SM_TIME = -1.1390169491401312
