ASC_CAR = -1.9084879315612557
ASC_SM = -0.1425091484919696
B_CAR_COST = -0.7225173876149307
B_CAR_TIME = -1.5230255459741564
B_GA = 0.5661815916561097
B_HE = -0.5341101838743604
B_SM_COST = -1.0765707125688988
B_SM_TIME = -1.1371192236812468
B_TRAIN_COST = -2.9969659682763026
B_TRAIN_TIME = -0.891611341642577
LAMBDA = 0.6487560207085106
