ASC_CAR = -0.5290104355128087
ASC_SM = -0.12580967327553433
B_CAR_COST = -0.7760384178716058
B_CAR_TIME = -1.2869174932458984
B_GA = 0.5127799729522801
B_HE = -0.5347203052776457
B_SM_COST = -1.0759651082529567
B_SM_TIME = -1.107725590836233
B_TRAIN_COST = -2.9956638849016253
B_TRAIN_TIME = -0.8658013588440202
