ASC_CAR = -0.5068004864346357
ASC_SM = -0.1594019440133002
B_CAR_COST = -0.7271114392379646
B_CAR_TIME = -1.2514804799957864
B_FIRST = 0.2733825253357116
B_GA = 0.4954519570546132
B_HE = -0.5160767874134168
B_SM_COST = -1.1205606945087059
B_SM_TIME = -1.07947348500643
B_TRAIN_COST = -3.00678827437539
B_TRAIN_TIME = -0.8735386863733281
