ASC_CAR = -0.24587685537562295
ASC_SM = 0.07139584991208905
B_CAR_COST = -0.7342001583478355
B_CAR_TIME = -1.254603395924172
B_FIRST = 0.28498959528851314
B_SM_COST = -1.1736097621281991
B_SM_TIME = -1.0874780024831683
B_TRAIN_COST = -3.095025370644616
B_TRAIN_TIME = -0.8773821930206277
