ASC_CAR = -0.5698625523482475
ASC_SM = -0.15830174361460148
B_CAR_COST = -0.7528430990792558
B_CAR_TIME = -1.2336263132054137
B_GA = 0.5318370591791138
B_HE = -0.5158106374966919
B_SM_COST = -1.0381752883124749
B_SM_TIME = -1.0678666559472425
B_TRAIN_COST = -2.8972130637765066
B_TRAIN_TIME = -0.8702736284526715
