ASC_CAR = -2.0158719093183217
ASC_SM = -0.11856615510973223
B_CAR_COST = -0.7188281255391606
B_CAR_TIME1 = 0.7130615625777705
B_CAR_TIME2 = -2.163799201455532
B_CAR_TIME3 = -0.6249681108994956
B_GA = 0.5001769096312033
B_HE = -0.5325614354832957
B_SM_COST = -1.0944207808711295
B_SM_TIME = -1.1310759209409238
B_TRAIN_COST = -3.010632558073742
B_TRAIN_TIME = -0.876468316481602
