ASC_CAR = -0.5290104351241209
ASC_SM = -0.1258096731995393
B_CAR_COST = -0.7760384194283233
B_CAR_TIME = -1.2869174921644373
B_GA = 0.5127799739925027
B_HE = -0.5347203053005799
B_SM_COST = -1.0759651081475823
B_SM_TIME = -1.1077255903324894
B_TRAIN_COST = -2.9956638839360914
B_TRAIN_TIME = -0.8658013586714582
