ASC_CAR = -0.5118174556114942
ASC_SM = -0.13079218297794484
B_CAR_COST = -0.6723541670854276
B_GA = 2.046589377247149
B_HE = -0.6254935934156379
B_SENIOR = -0.5448585015657035
B_SM_COST = -1.013101069799927
B_TIME = -1.7697297126859899
B_TRAIN_COST = -2.7511180898061003
