ASC_CAR = -0.2085882083446633
ASC_SM = 0.5514809146974043
B_CAR_COST = -1.2487455635752565
B_GA = 0.5494482053949794
B_HE = -0.8324086809534191
B_SENIOR = -2.2921172386775375
B_SM_COST = -1.2327658125573893
B_TIME = -0.5071028080725567
B_TRAIN_COST = -2.600202652127047
