ASC_CAR = -0.5000212428964234
ASC_SM = -0.07987964331650384
B_CAR_COST = -0.9995057495936257
B_GA = 0.8977784810058913
B_HE = -0.5744498171014178
B_SENIOR = -1.6926575417947203
B_SM_COST = -1.071976180836891
B_TIME = -1.1358365796144605
B_TRAIN_COST = -2.8234040803148455
