ASC_CAR = -0.20630062388033116
ASC_SM = 0.055749343785426744
B_CAR_COST = -1.0505783106134428
B_GA = 2.170030397490579
B_HE = -0.6630161424791869
B_SENIOR = -1.6216795184898114
B_SM_COST = -1.0563192450890349
B_TIME = -1.2493140520462807
B_TRAIN_COST = -2.9099604219231927
