ASC_CAR = -0.5107145937769864
ASC_SM = -0.2039445523068418
B_CAR_COST = -1.8834317879613096
B_GA = -0.34279967132814554
B_HE = -0.45078926742178715
B_SENIOR = -1.4880043628500845
B_SM_COST = -1.6409688129051347
B_TIME = -0.7092678236250971
B_TRAIN_COST = -3.201592808576833
