ASC_CAR = -1.2686923658110598
ASC_SM = -0.06605926976703082
B_CAR_COST = -1.1744087749413716
B_GA = -2.6044093965067554
B_HE = -0.534084231605252
B_SENIOR = -1.7659455048352717
B_SM_COST = -1.2912246922927066
B_TIME = -0.4073215153487293
B_TRAIN_COST = -2.6715127717774285
