ASC_CAR = -0.6315381712399283
ASC_SM = -0.15904230495347435
B_CAR_COST = -0.9343273641565009
B_GA = 0.5544678717099725
B_HE = -0.5952985405280729
B_SENIOR = -1.867640774241371
B_SM_COST = -1.0431844630679095
B_TIME = -1.119342902173929
B_TRAIN_COST = -2.6913599350022266
