ASC_CAR_mean = -0.47241684201790474
ASC_CAR_std = -0.007411521878349014
ASC_SBB_mean = 0.1587232685676067
ASC_SBB_std = 0.03760322975039326
B_CAR_COST = -0.9344800567480389
B_GA = 0.5539905708214775
B_HE = -0.5953011074869683
B_SENIOR = -1.8683412054956587
B_SM_COST = -1.043235272108077
B_TIME = -1.1193603294132726
B_TRAIN_COST = -2.691756049758364
