ASC_CAR = -0.6314144388309879
ASC_SM = -0.1590606545296989
B_CAR_COST = -0.9347274572869883
B_GA = 0.5541651305120802
B_HE = -0.595485729324843
B_SENIOR = -1.8679324081840667
B_SM_COST = -1.0433125234740244
B_TIME = -1.1193935644561785
B_TRAIN_COST = -2.691613111753277
CLASSIC_std = -0.03258108955455266
RAIL_std = 0.003089491109268276
