ASC_CAR = -0.751829900191114
ASC_SM = -0.15331561208367386
BETA_CAR_COST_mean = -1.8362248080356625
BETA_CAR_COST_std = 1.0295592369252304
BETA_GA_mean = 0.6564034122010939
BETA_GA_std = -1.2474849464143196
BETA_HE_mean = -0.7927935819013789
BETA_HE_std = 0.0562003406127205
BETA_SENIOR_mean = -2.3123919787203766
BETA_SENIOR_std = -0.011532460624969302
BETA_SM_COST_mean = -1.7704494523075425
BETA_SM_COST_std = -0.9705136632460645
BETA_TIME = -1.4269969983560762
BETA_TRAIN_COST_mean = -4.642714881927437
BETA_TRAIN_COST_std = -1.8016107981759535
