ASC_CAR = -1.023144079730512
ASC_SM = -0.5329956548982171
B_CAR_COST = -0.9504829672021275
B_GA = 0.5954983303169001
B_HE = -0.6270086828795717
B_MALE = 0.9547033302742413
B_SENIOR = -1.8306934907423398
B_SM_COST = -1.0459383068249768
B_SM_SEATS = 0.6497118954169613
B_TIME = -1.0969426355340923
B_TRAIN_COST = -2.4497417749084978
