ASC_CAR = -1.4261031799259392
ASC_SM = -0.8718890026311987
B_CAR_COST = -0.009630858269224257
B_HE = -0.0058905920366724455
B_MALE = 1.0008214817246457
B_SM_COST = -0.011002634893567495
B_SM_SEATS = 0.6099655885728799
B_TIME = -0.0110209761623529
B_TRAIN_COST = -0.026854045374424748
