ASC_CAR = -1.0341807867594262
ASC_SM = -0.545176152061433
B_CAR_COST = -0.009487025433066433
B_GA = 0.5917704845674633
B_HE = -0.006364278569161126
B_MALE = 0.9348259383741502
B_SENIOR = -1.8196762289543837
B_SM_COST = -0.010460371844779805
B_SM_SEATS = 0.6609337670374967
B_TIME = -0.011041131569120607
B_TRAIN_COST = -0.024614741120438634
