ASC_CAR = -1.6341922412879009
ASC_SM = -1.0839302515482312
B_CAR_COST = -0.009615079289623048
B_HE = -0.00594386500665838
B_MALE = 1.0710094997595159
B_SM_COST = -0.011007272678817676
B_TIME = -0.011099448441591452
B_TRAIN_COST = -0.02763840667129959
