ASC_CAR = -1.0231060045540425
ASC_SM = -0.5330083915227389
B_CAR_COST = -0.9504898878330975
B_GA = 0.595680443313918
B_HE = -0.6269931775386341
B_MALE = 0.9547790482655439
B_SENIOR = -1.8306651989161595
B_SM_COST = -1.0459170361808816
B_SM_SEATS = 0.6497058164472027
B_TIME = -1.096949539188997
B_TRAIN_COST = -2.4496421755410536
