ASC_CAR = 0.18910470183706332
ASC_SM = 0.45097003672303043
B_COST = -0.010846707545977892
B_HE = -0.005354135837451647
B_TIME = -0.012767892089029982
